1 2 1
1 3 1
1 4 1
1 5 1
2 1 1
3 1 1
4 1 1
5 1 1
1 6 2
1 7 2
6 1 2
7 1 2
1 8 13
1 9 13
1 11 13
1 12 13
8 1 13
9 1 13
11 1 13
12 1 13
1 10 8
10 1 7
1 13 9
1 16 9
1 17 9
1 18 9
1 19 9
1 20 9
1 21 9
1 22 9
1 23 9
1 24 9
1 27 9
1 28 9
1 30 9
1 31 9
1 32 9
1 33 9
1 34 9
1 36 9
1 37 9
13 1 9
16 1 9
17 1 9
18 1 9
19 1 9
20 1 9
21 1 9
22 1 9
23 1 9
24 1 9
27 1 9
28 1 9
30 1 9
31 1 9
32 1 9
33 1 9
34 1 9
36 1 9
37 1 9
1 14 4
1 15 4
1 25 4
1 26 4
1 29 4
1 35 4
14 1 4
15 1 4
25 1 4
26 1 4
29 1 4
35 1 4
1 38 13
1 39 13
1 40 13
1 41 13
1 42 13
1 43 13
1 44 13
1 45 13
1 46 13
1 47 13
1 48 13
1 49 13
1 50 13
1 52 13
1 51 13
1 53 13
1 54 13
1 55 13
1 56 13
1 57 13
1 58 13
1 59 13
1 60 13
1 61 13
1 62 13
1 63 13
1 64 13
1 65 13
1 66 13
1 67 13
1 68 13
1 87 13
1 70 13
1 71 13
1 72 13
1 73 13
1 74 13
1 75 13
1 76 13
1 77 13
1 78 13
1 79 13
1 80 13
1 81 13
1 82 13
1 83 13
1 84 13
1 85 13
1 86 13
38 1 13
39 1 13
41 1 13
42 1 13
43 1 13
44 1 13
45 1 13
46 1 13
47 1 13
48 1 13
49 1 13
50 1 13
51 1 13
52 1 13
53 1 13
54 1 13
55 1 13
56 1 13
57 1 13
58 1 13
59 1 13
60 1 13
61 1 13
62 1 13
63 1 13
65 1 13
66 1 13
67 1 13
68 1 13
87 1 13
70 1 13
71 1 13
72 1 13
73 1 13
74 1 13
75 1 13
78 1 13
79 1 13
80 1 13
81 1 13
82 1 13
83 1 13
84 1 13
85 1 13
1 69 4
69 1 4
1 87 8
1 88 8
1 89 8
1 90 8
1 91 8
1 92 8
1 93 8
1 94 8
1 95 8
1 96 8
1 97 8
1 98 8
1 99 8
1 100 8
1 101 8
1 102 8
1 103 8
1 104 8
1 105 8
1 106 8
87 1 7
88 1 7
89 1 7
90 1 7
91 1 7
92 1 7
93 1 7
94 1 7
95 1 7
96 1 7
97 1 7
98 1 7
99 1 7
100 1 7
101 1 7
102 1 7
103 1 7
104 1 7
105 1 7
106 1 7
1 107 8
107 1 7
109 1 7
108 1 7
1 109 8
1 108 8
1 158 9
158 1 9
1 110 13
1 111 13
1 112 13
1 113 13
1 114 13
1 115 13
1 117 13
1 116 13
1 118 13
1 119 13
1 120 13
1 121 13
1 122 13
1 123 13
1 124 13
1 125 13
1 126 13
1 127 13
1 128 13
1 129 13
1 130 13
1 131 13
1 132 13
1 133 13
1 134 13
1 135 13
1 136 13
1 137 13
1 139 13
1 140 13
1 141 13
1 142 13
1 145 13
1 146 13
1 147 13
1 148 13
1 149 13
1 150 13
1 151 13
1 152 13
1 153 13
1 154 13
1 155 13
1 156 13
1 157 13
1 159 13
1 160 13
110 1 13
111 1 13
112 1 13
113 1 13
114 1 13
116 1 13
117 1 13
118 1 13
119 1 13
120 1 13
121 1 13
124 1 13
125 1 13
126 1 13
127 1 13
128 1 13
131 1 13
132 1 13
133 1 13
136 1 13
137 1 13
139 1 13
140 1 13
141 1 13
142 1 13
145 1 13
146 1 13
147 1 13
148 1 13
149 1 13
150 1 13
151 1 13
152 1 13
154 1 13
155 1 13
156 1 13
157 1 13
159 1 13
160 1 13
144 1 9
143 1 9
1 144 9
1 143 9
1 161 5
1 162 5
1 164 5
1 166 5
1 167 5
1 168 5
1 169 5
1 170 5
1 171 5
1 172 5
1 173 5
1 174 5
1 176 5
1 177 5
1 178 5
1 180 5
1 181 5
1 183 5
161 1 5
162 1 5
164 1 5
166 1 5
167 1 5
168 1 5
169 1 5
170 1 5
171 1 5
172 1 5
173 1 5
174 1 5
176 1 5
177 1 5
178 1 5
180 1 5
181 1 5
183 1 5
1 182 5
1 179 5
1 175 1
1 163 1
1 165 1
182 1 5
179 1 5
175 1 1
163 1 1
165 1 1
1 184 1
1 192 1
1 193 1
1 194 1
1 196 1
1 198 1
1 200 1
1 211 1
1 212 1
1 213 1
1 219 1
184 1 1
192 1 1
193 1 1
194 1 1
196 1 1
198 1 1
200 1 1
211 1 1
212 1 1
213 1 1
219 1 1
1 185 5
1 186 5
1 187 5
1 188 5
1 189 5
1 190 5
1 191 5
1 197 5
1 199 5
1 201 5
1 202 5
1 203 5
1 204 5
1 205 5
1 206 5
1 207 5
1 208 5
1 209 5
1 210 5
1 214 5
1 215 5
1 216 5
1 217 5
1 218 5
1 220 5
1 221 5
1 222 5
1 223 5
1 224 5
185 1 5
186 1 5
187 1 5
188 1 5
189 1 5
190 1 5
191 1 5
197 1 5
199 1 5
201 1 5
202 1 5
203 1 5
204 1 5
205 1 5
206 1 5
207 1 5
208 1 5
209 1 5
210 1 5
214 1 5
215 1 5
216 1 5
217 1 5
218 1 5
220 1 5
221 1 5
222 1 5
223 1 5
224 1 5
1 225 13
1 227 13
1 228 13
1 229 13
1 230 13
1 232 13
1 233 13
1 234 13
1 235 13
1 250 13
1 251 13
1 252 13
1 253 13
1 254 13
1 256 13
1 257 13
1 258 13
1 259 13
1 260 13
1 261 13
1 262 13
1 263 13
1 264 13
1 265 13
1 266 13
1 267 13
1 268 13
1 269 13
1 270 13
1 271 13
1 272 13
1 274 13
1 273 13
1 275 13
1 280 13
1 281 13
1 282 13
1 283 13
1 284 13
1 288 13
1 289 13
1 290 13
1 298 13
1 297 13
1 296 13
1 295 13
1 294 13
225 1 13
229 1 13
230 1 13
232 1 13
233 1 13
234 1 13
250 1 13
251 1 13
252 1 13
253 1 13
254 1 13
256 1 13
257 1 13
258 1 13
259 1 13
260 1 13
261 1 13
262 1 13
263 1 13
264 1 13
265 1 13
266 1 13
267 1 13
268 1 13
269 1 13
270 1 13
271 1 13
272 1 13
273 1 13
274 1 13
275 1 13
280 1 13
281 1 13
282 1 13
283 1 13
284 1 13
288 1 13
289 1 13
290 1 13
294 1 13
295 1 13
297 1 13
298 1 13
1 235 5
1 236 5
1 237 5
1 238 5
1 239 5
1 240 5
1 241 5
1 242 5
1 243 5
1 244 5
1 245 5
1 246 5
1 247 5
1 248 5
1 249 5
1 277 5
1 278 5
1 279 5
1 287 5
1 286 5
1 285 5
235 1 5
236 1 5
237 1 5
238 1 5
239 1 5
240 1 5
241 1 5
242 1 5
243 1 5
244 1 5
245 1 5
246 1 5
247 1 5
248 1 5
249 1 5
277 1 5
278 1 5
279 1 5
287 1 5
286 1 5
285 1 5
1 255 4
255 1 4
1 291 12
1 292 12
1 293 12
291 1 12
292 1 12
293 1 12
1 231 4
231 1 4
1 299 13
1 300 13
1 301 13
1 302 13
1 303 13
1 304 13
1 305 13
1 306 13
1 307 13
1 308 13
1 309 13
1 310 13
1 311 13
1 312 13
1 313 13
1 314 13
1 315 13
1 316 13
1 317 13
1 318 13
1 319 13
1 320 13
1 321 13
1 322 13
1 323 13
1 324 13
1 325 13
1 326 13
1 327 13
1 328 13
1 329 13
1 330 13
1 331 13
1 333 13
1 334 13
1 335 13
1 336 13
1 337 13
1 338 13
1 339 13
1 340 13
1 341 13
1 342 13
1 343 13
1 344 13
1 345 13
1 346 13
1 347 13
1 348 13
1 349 13
1 350 13
299 1 13
300 1 13
301 1 13
302 1 13
303 1 13
304 1 13
305 1 13
306 1 13
307 1 13
308 1 13
309 1 13
310 1 13
311 1 13
312 1 13
313 1 13
314 1 13
315 1 13
317 1 13
320 1 13
321 1 13
322 1 13
323 1 13
325 1 13
326 1 13
327 1 13
328 1 13
331 1 13
333 1 13
334 1 13
335 1 13
336 1 13
337 1 13
340 1 13
341 1 13
342 1 13
343 1 13
344 1 13
345 1 13
346 1 13
347 1 13
348 1 13
349 1 13
350 1 13
1 352 13
1 351 13
1 353 13
1 354 13
1 355 13
1 356 13
1 357 13
1 358 13
1 359 13
1 360 13
1 361 13
1 362 13
1 363 13
1 364 13
1 365 13
1 366 13
1 367 13
1 368 13
1 369 13
1 370 13
1 371 13
1 374 13
1 373 13
1 375 13
1 376 13
1 377 13
1 378 13
1 379 13
1 380 13
1 381 13
1 382 13
1 383 13
1 384 13
1 385 13
1 386 13
1 387 13
1 388 13
351 1 13
352 1 13
353 1 13
354 1 13
355 1 13
356 1 13
357 1 13
358 1 13
360 1 13
361 1 13
362 1 13
363 1 13
364 1 13
365 1 13
366 1 13
367 1 13
368 1 13
369 1 13
370 1 13
371 1 13
374 1 13
375 1 13
376 1 13
377 1 13
379 1 13
380 1 13
381 1 13
383 1 13
386 1 13
387 1 13
388 1 13
359 1 13
1 372 9
372 1 9
1 389 13
1 390 13
1 391 13
1 392 13
1 393 13
1 394 13
1 395 13
1 396 13
1 397 13
1 398 13
1 399 13
1 401 13
1 402 13
1 403 13
1 404 13
1 406 13
1 407 13
1 408 13
1 409 13
1 410 13
1 411 13
389 1 13
390 1 13
391 1 13
392 1 13
393 1 13
394 1 13
395 1 13
396 1 13
397 1 13
398 1 13
399 1 13
401 1 13
402 1 13
403 1 13
408 1 13
409 1 13
1 405 12
405 1 12
1 400 9
400 1 4
1 412 13
1 413 13
1 414 13
1 415 13
1 416 13
1 417 13
1 418 13
1 419 13
1 420 13
1 421 13
1 423 13
1 424 13
1 425 13
1 426 13
1 427 13
1 428 13
1 429 13
1 430 13
1 431 13
1 433 13
1 434 13
412 1 13
413 1 13
414 1 13
415 1 13
416 1 13
417 1 13
418 1 13
419 1 13
420 1 13
421 1 13
423 1 13
424 1 13
425 1 13
426 1 13
427 1 13
429 1 13
431 1 13
430 1 13
1 432 12
1 422 12
432 1 12
422 1 12
1 435 13
1 436 13
1 437 13
1 438 13
1 439 13
1 440 13
435 1 13
436 1 13
438 1 13
439 1 13
440 1 13
1 442 13
1 443 13
1 444 13
1 445 13
1 446 13
1 447 13
1 448 13
1 449 13
1 450 13
1 451 13
1 452 13
1 453 13
1 454 13
1 455 13
1 456 13
1 457 13
1 458 13
1 459 13
1 461 13
1 462 13
1 463 13
1 464 13
1 465 13
1 466 13
1 467 13
1 468 13
1 469 13
1 470 13
442 1 13
443 1 13
444 1 13
447 1 13
448 1 13
449 1 13
450 1 13
451 1 13
452 1 13
453 1 13
454 1 13
456 1 13
458 1 13
459 1 13
462 1 13
463 1 13
464 1 13
465 1 13
466 1 13
467 1 13
469 1 13
470 1 13
1 441 4
441 1 4
1 460 9
460 1 9
