1 2 1
1 3 1
1 4 1
1 5 1
1 6 1
1 8 1
1 9 1
1 10 1
1 11 1
1 14 1
2 1 1
3 1 1
4 1 1
5 1 1
6 1 1
8 1 1
9 1 1
10 1 1
11 1 1
14 1 1
1 7 3
7 1 3
1 15 5
1 12 5
1 16 5
1 17 5
1 18 5
1 19 5
1 20 5
1 24 5
1 25 5
1 26 5
1 27 5
1 28 5
15 1 5
12 1 5
16 1 5
17 1 5
18 1 5
19 1 5
20 1 5
24 1 5
25 1 5
26 1 5
27 1 5
28 1 5
1 13 11
1 21 11
1 22 11
1 23 11
1 29 11
13 1 11
21 1 11
22 1 11
23 1 11
29 1 11
30 1 5
31 1 5
32 1 5
33 1 5
34 1 5
35 1 5
36 1 5
37 1 5
38 1 5
39 1 5
40 1 5
41 1 5
42 1 5
43 1 5
1 30 5
1 31 5
1 32 5
1 33 5
1 34 5
1 35 5
1 36 5
1 37 5
1 38 5
1 39 5
1 40 5
1 41 5
1 42 5
1 43 5
1 44 7
44 1 8
1 45 6
1 47 6
1 48 6
1 52 6
1 53 6
1 57 6
1 61 6
45 1 6
47 1 6
48 1 6
52 1 6
53 1 6
57 1 6
61 1 6
1 46 9
1 49 9
1 50 9
1 51 9
1 54 9
1 56 9
1 58 9
1 59 9
1 60 9
46 1 9
49 1 9
50 1 9
51 1 9
54 1 9
56 1 9
58 1 9
59 1 9
60 1 9
1 55 4
55 1 4
1 62 7
1 63 7
1 64 7
62 1 7
63 1 7
64 1 7
1 65 13
1 66 13
1 67 13
65 1 13
66 1 13
67 1 13
1 68 2
68 1 2
1 69 4
1 70 4
1 71 4
1 72 4
69 1 4
70 1 4
71 1 4
72 1 4
1 73 2
1 80 2
1 87 2
73 1 2
80 1 2
87 1 2
1 74 13
74 1 13
1 75 4
1 77 4
75 1 4
77 1 4
1 76 6
76 1 6
1 78 13
1 79 13
1 81 13
1 83 13
1 84 13
1 85 13
1 86 13
78 1 13
79 1 13
81 1 13
83 1 13
84 1 13
85 1 13
86 1 13
1 82 9
82 1 9
1 88 9
1 90 9
1 91 9
88 1 9
90 1 9
91 1 9
1 89 13
89 1 13
1 92 4
92 1 4
1 93 9
93 1 9
1 94 13
94 1 13
1 95 9
1 96 9
1 97 9
95 1 9
96 1 9
97 1 9
1 98 2
98 1 2
1 99 13
1 100 13
1 101 13
1 102 13
1 103 13
1 104 13
99 1 13
100 1 13
101 1 13
102 1 13
103 1 13
104 1 13
1 105 9
105 1 9
1 106 6
106 1 6
1 107 13
1 108 13
1 109 13
1 110 13
1 111 13
1 112 13
1 113 13
107 1 13
108 1 13
109 1 13
110 1 13
111 1 13
112 1 13
113 1 13
1 114 7
1 115 7
114 1 8
115 1 8
1 116 6
116 1 6
1 117 9
1 118 9
1 119 9
1 120 9
117 1 9
118 1 9
119 1 9
120 1 9
1 121 13
1 123 13
121 1 13
123 1 13
1 122 4
122 1 4
1 124 7
1 125 7
1 126 7
1 127 7
1 128 7
1 129 7
1 130 7
1 132 7
1 133 7
1 134 7
124 1 8
125 1 8
126 1 8
127 1 8
128 1 8
129 1 8
130 1 8
132 1 8
133 1 8
134 1 8
1 131 4
131 1 4
1 135 7
1 136 7
1 137 7
1 138 7
1 139 7
1 140 7
1 141 7
1 142 7
1 143 7
1 144 7
1 146 7
1 145 7
1 147 7
1 148 7
1 149 7
1 150 7
1 151 7
1 152 7
1 153 7
135 1 8
136 1 8
137 1 8
138 1 8
139 1 8
140 1 8
141 1 8
142 1 8
143 1 8
144 1 8
146 1 8
145 1 8
147 1 8
148 1 8
149 1 8
150 1 8
151 1 8
152 1 8
153 1 8
1 154 9
154 1 9
1 155 6
155 1 6
1 156 9
1 157 9
1 158 9
1 160 9
156 1 9
157 1 9
158 1 9
160 1 9
1 159 13
159 1 13
1 161 13
161 1 13
1 162 13
1 165 13
162 1 13
165 1 13
1 163 4
163 1 4
1 164 9
1 166 9
1 167 9
1 168 9
164 1 9
166 1 9
167 1 9
168 1 9
1 169 13
1 170 13
1 171 13
169 1 13
170 1 13
171 1 13
1 172 9
1 174 9
1 173 9
172 1 9
174 1 9
173 1 9
1 175 4
175 1 4
1 176 13
1 177 13
1 178 13
176 1 13
177 1 13
178 1 13
1 179 2
1 180 2
179 1 2
180 1 2
1 181 4
1 182 4
181 1 4
182 1 4
1 183 13
183 1 13
1 184 9
184 1 9
1 185 13
1 186 13
185 1 13
186 1 13
1 187 4
1 188 4
187 1 4
188 1 4
1 189 9
1 190 9
1 191 9
189 1 9
190 1 9
191 1 9
1 192 6
1 194 6
1 193 6
192 1 6
194 1 6
193 1 6
1 195 13
1 196 13
1 197 13
1 198 13
195 1 13
196 1 13
197 1 13
198 1 13
1 199 7
1 200 7
199 1 8
200 1 8
1 201 13
1 202 13
1 204 13
201 1 13
202 1 13
204 1 13
1 203 9
203 1 9
1 205 13
205 1 13
1 206 13
1 208 13
1 211 13
1 212 13
1 213 13
1 215 13
1 218 13
1 225 13
206 1 13
208 1 13
211 1 13
212 1 13
213 1 13
215 1 13
218 1 13
225 1 13
1 207 7
1 209 7
1 210 7
1 214 7
1 216 7
1 217 7
1 219 7
1 220 7
1 221 7
1 222 7
1 223 7
1 224 7
1 226 7
1 227 7
207 1 8
209 1 8
210 1 8
214 1 8
216 1 8
217 1 8
219 1 8
220 1 8
221 1 8
222 1 8
223 1 8
224 1 8
226 1 8
227 1 8
1 228 13
1 229 13
1 230 13
228 1 13
229 1 13
230 1 13
1 231 4
231 1 4
1 232 9
1 233 9
1 234 9
232 1 9
233 1 9
234 1 9
1 235 6
235 1 6
1 236 9
1 237 9
1 238 9
1 239 9
1 240 9
236 1 9
237 1 9
238 1 9
239 1 9
240 1 9
1 241 4
1 243 4
241 1 4
243 1 4
1 242 9
1 244 9
1 245 9
1 246 9
1 247 9
1 248 9
1 249 9
1 250 9
1 251 9
1 252 9
242 1 9
244 1 9
245 1 9
246 1 9
247 1 9
248 1 9
249 1 9
250 1 9
251 1 9
252 1 9
1 253 4
253 1 4
1 254 9
1 255 9
1 256 9
1 257 9
1 259 9
1 260 9
1 261 9
1 262 9
1 263 9
1 264 9
1 265 9
1 266 9
1 267 9
254 1 9
255 1 9
256 1 9
257 1 9
259 1 9
260 1 9
261 1 9
262 1 9
263 1 9
264 1 9
265 1 9
266 1 9
267 1 9
1 258 4
1 268 4
258 1 4
268 1 4
1 269 9
1 270 9
1 271 9
1 272 9
1 273 9
1 274 9
1 275 9
1 276 9
1 277 9
1 278 9
1 279 9
1 280 9
1 281 9
1 284 9
1 283 9
1 285 9
269 1 9
270 1 9
271 1 9
272 1 9
273 1 9
274 1 9
275 1 9
276 1 9
277 1 9
278 1 9
279 1 9
280 1 9
281 1 9
284 1 9
283 1 9
285 1 9
1 282 4
1 286 4
1 287 4
1 288 4
1 289 4
282 1 4
286 1 4
287 1 4
288 1 4
289 1 4
1 290 9
1 291 9
1 292 9
1 294 9
1 296 9
1 297 9
290 1 9
291 1 9
292 1 9
294 1 9
296 1 9
297 1 9
1 293 4
1 295 4
1 298 4
1 299 4
293 1 4
295 1 4
298 1 4
299 1 4
1 300 4
1 301 4
1 302 4
300 1 4
301 1 4
302 1 4
1 303 13
1 304 13
1 305 13
1 306 13
1 307 13
303 1 13
304 1 13
305 1 13
306 1 13
307 1 13
1 308 4
308 1 4
2 3 3
3 2 3
2 4 1
2 5 1
2 6 1
4 2 1
5 2 1
6 2 1
2 7 13
7 2 13
2 8 5
2 9 5
2 10 5
2 11 5
2 12 5
2 14 5
2 15 5
2 16 5
2 17 5
2 18 5
2 19 5
2 20 5
8 2 5
9 2 5
10 2 5
11 2 5
12 2 5
14 2 5
15 2 5
16 2 5
17 2 5
18 2 5
19 2 5
20 2 5
2 13 11
2 21 11
2 22 11
2 23 11
13 2 11
21 2 11
22 2 11
23 2 11
2 24 5
2 25 5
2 26 5
2 27 5
2 28 5
24 2 5
25 2 5
26 2 5
27 2 5
28 2 5
2 29 11
29 2 11
2 30 5
2 31 5
2 32 5
2 33 5
2 34 5
2 35 5
2 36 5
2 37 5
2 38 5
2 39 5
2 40 5
2 41 5
2 42 5
2 43 5
30 2 5
31 2 5
32 2 5
33 2 5
34 2 5
35 2 5
36 2 5
37 2 5
38 2 5
39 2 5
40 2 5
41 2 5
42 2 5
43 2 5
2 44 13
2 45 13
44 2 13
45 2 13
2 55 13
2 61 13
2 62 13
2 63 13
2 64 13
2 70 13
2 71 13
2 73 13
2 75 13
2 87 13
2 91 13
2 96 13
55 2 13
61 2 13
62 2 13
63 2 13
64 2 13
70 2 13
71 2 13
73 2 13
75 2 13
87 2 13
91 2 13
96 2 13
2 122 4
122 2 4
2 124 13
2 125 13
2 126 13
124 2 13
125 2 13
126 2 13
2 133 7
133 2 8
2 134 13
2 145 13
2 147 13
2 154 13
2 155 13
2 164 13
2 175 13
2 179 13
2 180 13
2 181 13
2 182 13
2 192 13
2 308 13
134 2 13
145 2 13
147 2 13
154 2 13
155 2 13
164 2 13
175 2 13
179 2 13
180 2 13
181 2 13
182 2 13
192 2 13
308 2 13
3 4 1
4 3 1
3 5 5
3 6 5
5 3 5
6 3 5
3 7 13
7 3 13
3 8 5
3 9 5
3 10 5
3 11 5
3 12 5
3 13 5
3 14 5
8 3 5
9 3 5
10 3 5
11 3 5
12 3 5
13 3 5
14 3 5
3 15 13
3 16 13
3 17 13
3 18 13
3 19 13
3 20 13
3 21 13
3 22 13
3 23 13
3 24 13
3 25 13
3 26 13
3 27 13
3 28 13
3 29 13
15 3 13
16 3 13
17 3 13
18 3 13
19 3 13
20 3 13
21 3 13
22 3 13
23 3 13
24 3 13
25 3 13
26 3 13
27 3 13
28 3 13
29 3 13
3 30 1
3 31 1
3 32 1
3 34 1
3 33 1
3 35 1
3 36 1
3 37 1
3 38 1
3 39 1
3 40 1
3 41 1
3 42 1
3 43 1
30 3 1
31 3 1
32 3 1
34 3 1
33 3 1
35 3 1
36 3 1
37 3 1
38 3 1
39 3 1
40 3 1
41 3 1
42 3 1
43 3 1
3 44 13
3 45 13
3 68 13
3 60 13
3 61 13
3 62 13
3 63 13
3 64 13
3 87 13
3 139 13
3 180 13
3 179 13
3 181 13
44 3 13
45 3 13
68 3 13
60 3 13
61 3 13
62 3 13
63 3 13
64 3 13
87 3 13
139 3 13
180 3 13
179 3 13
181 3 13
4 5 1
4 6 1
5 4 1
6 4 1
4 7 13
7 4 13
4 8 5
4 9 5
4 10 5
4 11 5
4 12 5
4 13 5
4 14 5
8 4 5
9 4 5
10 4 5
11 4 5
12 4 5
13 4 5
14 4 5
4 15 11
4 16 11
4 17 11
4 18 11
4 19 11
4 20 11
4 21 11
4 22 11
4 23 11
4 24 11
4 25 11
4 26 11
4 27 11
4 28 11
4 29 11
15 4 11
16 4 11
17 4 11
18 4 11
19 4 11
20 4 11
21 4 11
22 4 11
23 4 11
24 4 11
25 4 11
26 4 11
27 4 11
28 4 11
29 4 11
4 30 1
4 31 1
4 32 1
4 33 1
4 34 1
4 35 1
4 36 1
4 37 1
4 38 1
4 39 1
4 40 1
4 41 1
4 42 1
4 43 1
30 4 1
31 4 1
32 4 1
33 4 1
34 4 1
35 4 1
36 4 1
37 4 1
38 4 1
39 4 1
40 4 1
41 4 1
42 4 1
43 4 1
4 44 13
4 45 13
4 63 13
4 64 13
44 4 13
45 4 13
63 4 13
64 4 13
5 6 1
5 12 1
5 13 1
6 5 1
12 5 1
13 5 1
5 8 5
5 9 5
5 10 5
5 11 5
5 14 5
8 5 5
9 5 5
10 5 5
11 5 5
14 5 5
5 15 11
5 16 11
5 17 11
5 18 11
5 19 11
5 20 11
5 21 11
5 22 11
5 23 11
5 24 11
5 25 11
5 26 11
5 27 11
5 28 11
5 29 11
15 5 11
16 5 11
17 5 11
18 5 11
19 5 11
20 5 11
21 5 11
22 5 11
23 5 11
24 5 11
25 5 11
26 5 11
27 5 11
28 5 11
29 5 11
5 30 13
5 31 13
5 32 13
5 33 13
5 34 13
5 35 13
5 36 13
5 37 13
5 38 13
5 39 13
5 40 13
5 41 13
5 42 13
5 43 13
5 44 13
30 5 13
31 5 13
32 5 13
33 5 13
34 5 13
35 5 13
36 5 13
37 5 13
38 5 13
39 5 13
40 5 13
41 5 13
42 5 13
43 5 13
44 5 13
6 8 1
6 9 1
6 10 1
6 11 1
6 12 1
6 13 1
8 6 1
9 6 1
10 6 1
11 6 1
12 6 1
13 6 1
6 14 3
14 6 3
6 15 5
6 16 5
6 17 5
6 18 5
6 19 5
6 20 5
15 6 5
16 6 5
17 6 5
18 6 5
19 6 5
20 6 5
6 21 11
6 22 11
6 23 11
6 24 11
6 25 11
6 26 11
6 27 11
6 28 11
6 29 11
21 6 11
22 6 11
23 6 11
24 6 11
25 6 11
26 6 11
27 6 11
28 6 11
29 6 11
6 30 13
6 31 13
6 32 13
6 33 13
6 34 13
6 36 13
6 35 13
6 37 13
6 38 13
6 39 13
6 41 13
6 40 13
6 42 13
6 43 13
6 44 13
30 6 13
31 6 13
32 6 13
33 6 13
34 6 13
36 6 13
35 6 13
37 6 13
38 6 13
39 6 13
41 6 13
40 6 13
42 6 13
43 6 13
44 6 13
7 52 13
7 87 13
7 180 13
7 298 13
7 253 13
7 231 13
7 293 13
7 295 13
7 288 13
52 7 13
87 7 13
180 7 13
298 7 13
253 7 13
231 7 13
293 7 13
295 7 13
288 7 13
8 9 1
8 10 1
8 11 1
8 14 1
9 8 1
10 8 1
11 8 1
14 8 1
8 12 5
8 13 5
8 15 5
12 8 5
13 8 5
15 8 5
8 16 11
8 17 11
8 18 11
8 19 11
8 20 11
8 21 11
8 22 11
8 23 11
8 24 11
8 25 11
8 26 11
8 27 11
8 29 11
8 28 11
16 8 11
17 8 11
18 8 11
19 8 11
20 8 11
21 8 11
22 8 11
23 8 11
24 8 11
25 8 11
26 8 11
27 8 11
29 8 11
28 8 11
8 30 13
8 31 13
8 33 13
8 34 13
8 38 13
8 32 13
8 35 13
8 37 13
8 36 13
8 40 13
8 39 13
8 41 13
8 42 13
8 43 13
30 8 13
31 8 13
33 8 13
34 8 13
38 8 13
32 8 13
35 8 13
37 8 13
36 8 13
40 8 13
39 8 13
41 8 13
42 8 13
43 8 13
9 10 1
9 11 1
10 9 1
11 9 1
10 11 1
11 10 1
9 12 5
9 13 5
10 12 5
10 13 5
11 12 5
11 13 5
12 9 5
12 10 5
12 11 5
13 9 5
13 10 5
13 11 5
9 14 1
10 14 1
11 14 1
14 9 1
14 10 1
14 11 1
9 15 11
9 16 11
9 17 11
9 18 11
9 19 11
9 20 11
9 21 11
9 22 11
9 23 11
9 24 11
9 25 11
9 26 11
9 27 11
9 28 11
9 29 11
10 15 11
10 16 11
10 17 11
10 18 11
10 19 11
10 20 11
10 21 11
10 22 11
10 23 11
10 24 11
10 25 11
10 26 11
10 27 11
10 28 11
10 29 11
11 15 11
11 16 11
11 17 11
11 18 11
11 19 11
11 20 11
11 21 11
11 22 11
11 23 11
11 24 11
11 25 11
11 26 11
11 27 11
11 28 11
11 29 11
15 9 11
15 10 11
15 11 11
16 9 11
16 10 11
16 11 11
17 9 11
17 10 11
17 11 11
18 9 11
18 10 11
18 11 11
19 9 11
19 10 11
19 11 11
20 9 11
20 10 11
20 11 11
21 9 11
21 10 11
21 11 11
22 9 11
22 10 11
22 11 11
23 9 11
23 10 11
23 11 11
24 9 11
24 10 11
24 11 11
25 9 11
25 10 11
25 11 11
26 9 11
26 10 11
26 11 11
27 9 11
27 10 11
27 11 11
28 9 11
28 10 11
28 11 11
29 9 11
29 10 11
29 11 11
9 30 13
9 31 13
9 32 13
9 33 13
9 34 13
9 35 13
9 36 13
9 37 13
9 38 13
9 39 13
9 40 13
9 41 13
9 42 13
9 43 13
10 30 13
10 31 13
10 32 13
10 33 13
10 34 13
10 35 13
10 36 13
10 37 13
10 38 13
10 39 13
10 40 13
10 41 13
10 42 13
10 43 13
11 30 13
11 31 13
11 32 13
11 33 13
11 34 13
11 35 13
11 36 13
11 37 13
11 38 13
11 39 13
11 40 13
11 41 13
11 42 13
11 43 13
30 9 13
30 10 13
30 11 13
31 9 13
31 10 13
31 11 13
32 9 13
32 10 13
32 11 13
33 9 13
33 10 13
33 11 13
34 9 13
34 10 13
34 11 13
35 9 13
35 10 13
35 11 13
36 9 13
36 10 13
36 11 13
37 9 13
37 10 13
37 11 13
38 9 13
38 10 13
38 11 13
39 9 13
39 10 13
39 11 13
40 9 13
40 10 13
40 11 13
41 9 13
41 10 13
41 11 13
42 9 13
42 10 13
42 11 13
43 9 13
43 10 13
43 11 13
12 13 1
13 12 1
12 14 11
12 15 11
12 16 11
12 17 11
12 18 11
12 19 11
12 20 11
12 21 11
12 22 11
12 23 11
12 24 11
12 25 11
12 26 11
12 27 11
12 28 11
12 29 11
13 14 11
13 15 11
13 16 11
13 17 11
13 18 11
13 19 11
13 20 11
13 21 11
13 22 11
13 23 11
13 24 11
13 25 11
13 26 11
13 27 11
13 28 11
13 29 11
14 12 11
14 13 11
15 12 11
15 13 11
16 12 11
16 13 11
17 12 11
17 13 11
18 12 11
18 13 11
19 12 11
19 13 11
20 12 11
20 13 11
21 12 11
21 13 11
22 12 11
22 13 11
23 12 11
23 13 11
24 12 11
24 13 11
25 12 11
25 13 11
26 12 11
26 13 11
27 12 11
27 13 11
28 12 11
28 13 11
29 12 11
29 13 11
14 15 13
14 16 13
14 17 13
14 18 13
14 19 13
14 20 13
14 21 13
14 22 13
14 23 13
14 24 13
14 25 13
14 26 13
14 27 13
14 28 13
14 29 13
14 30 13
14 31 13
14 32 13
14 33 13
14 34 13
14 35 13
14 36 13
14 37 13
14 38 13
14 39 13
14 40 13
14 41 13
14 42 13
14 43 13
15 14 13
16 14 13
17 14 13
18 14 13
19 14 13
20 14 13
21 14 13
22 14 13
23 14 13
24 14 13
25 14 13
26 14 13
27 14 13
28 14 13
29 14 13
30 14 13
31 14 13
32 14 13
33 14 13
34 14 13
35 14 13
36 14 13
37 14 13
38 14 13
39 14 13
40 14 13
41 14 13
42 14 13
43 14 13
15 16 1
15 17 1
15 18 1
15 19 1
15 20 1
15 21 1
16 15 1
17 15 1
18 15 1
19 15 1
20 15 1
21 15 1
15 22 5
15 23 5
15 24 5
15 25 5
15 26 5
15 27 5
15 28 5
22 15 5
23 15 5
24 15 5
25 15 5
26 15 5
27 15 5
28 15 5
15 31 11
15 33 11
15 32 11
31 15 11
33 15 11
32 15 11
15 30 11
30 15 11
16 17 1
16 18 1
17 16 1
18 16 1
17 18 1
18 17 1
17 19 1
17 20 1
16 19 1
16 20 1
18 19 1
18 20 1
19 17 1
19 16 1
19 18 1
20 17 1
20 16 1
20 18 1
17 21 5
17 22 5
17 23 5
17 24 5
17 25 5
17 26 5
17 27 5
17 28 5
16 21 5
16 22 5
16 23 5
16 24 5
16 25 5
16 26 5
16 27 5
16 28 5
18 21 5
18 22 5
18 23 5
18 24 5
18 25 5
18 26 5
18 27 5
18 28 5
21 17 5
21 16 5
21 18 5
22 17 5
22 16 5
22 18 5
23 17 5
23 16 5
23 18 5
24 17 5
24 16 5
24 18 5
25 17 5
25 16 5
25 18 5
26 17 5
26 16 5
26 18 5
27 17 5
27 16 5
27 18 5
28 17 5
28 16 5
28 18 5
17 32 11
17 31 11
17 33 11
16 32 11
16 31 11
16 33 11
18 32 11
18 31 11
18 33 11
32 17 11
32 16 11
32 18 11
31 17 11
31 16 11
31 18 11
33 17 11
33 16 11
33 18 11
17 30 13
16 30 13
18 30 13
30 17 13
30 16 13
30 18 13
19 20 1
20 19 1
19 21 11
19 22 11
19 23 11
19 24 11
19 25 11
19 26 11
19 27 11
19 28 11
19 29 11
19 31 11
19 32 11
19 33 11
20 21 11
20 22 11
20 23 11
20 24 11
20 25 11
20 26 11
20 27 11
20 28 11
20 29 11
20 31 11
20 32 11
20 33 11
21 19 11
21 20 11
22 19 11
22 20 11
23 19 11
23 20 11
24 19 11
24 20 11
25 19 11
25 20 11
26 19 11
26 20 11
27 19 11
27 20 11
28 19 11
28 20 11
29 19 11
29 20 11
31 19 11
31 20 11
32 19 11
32 20 11
33 19 11
33 20 11
21 22 1
21 24 1
21 25 1
21 26 1
21 27 1
21 28 1
22 21 1
24 21 1
25 21 1
26 21 1
27 21 1
28 21 1
21 23 3
23 21 3
22 23 1
22 24 1
22 25 1
22 26 1
22 27 1
22 28 1
23 22 1
24 22 1
25 22 1
26 22 1
27 22 1
28 22 1
23 24 5
23 25 5
23 26 5
23 27 5
23 28 5
24 23 5
25 23 5
26 23 5
27 23 5
28 23 5
23 24 13
23 25 13
23 26 13
23 27 13
23 28 13
23 30 13
23 34 13
23 38 13
23 39 13
23 40 13
23 43 13
22 24 13
22 25 13
22 26 13
22 27 13
22 28 13
22 30 13
22 34 13
22 38 13
22 39 13
22 40 13
22 43 13
21 24 13
21 25 13
21 26 13
21 27 13
21 28 13
21 30 13
21 34 13
21 38 13
21 39 13
21 40 13
21 43 13
24 23 13
24 22 13
24 21 13
25 23 13
25 22 13
25 21 13
26 23 13
26 22 13
26 21 13
27 23 13
27 22 13
27 21 13
28 23 13
28 22 13
28 21 13
30 23 13
30 22 13
30 21 13
34 23 13
34 22 13
34 21 13
38 23 13
38 22 13
38 21 13
39 23 13
39 22 13
39 21 13
40 23 13
40 22 13
40 21 13
43 23 13
43 22 13
43 21 13
24 25 1
24 26 1
24 27 1
24 28 1
25 24 1
26 24 1
27 24 1
28 24 1
25 26 1
25 27 1
25 28 1
26 25 1
27 25 1
28 25 1
26 27 1
26 28 1
27 26 1
28 26 1
27 28 1
28 27 1
27 30 13
27 34 13
27 37 13
27 38 13
27 39 13
27 40 13
27 43 13
30 27 13
34 27 13
37 27 13
38 27 13
39 27 13
40 27 13
43 27 13
30 32 3
32 30 3
30 31 1
30 33 1
30 34 1
30 35 1
30 36 1
30 37 1
30 38 1
30 39 1
30 40 1
30 41 1
30 42 1
30 43 1
31 30 1
33 30 1
34 30 1
35 30 1
36 30 1
37 30 1
38 30 1
39 30 1
40 30 1
41 30 1
42 30 1
43 30 1
31 33 1
31 39 1
31 40 1
31 41 1
31 42 1
31 43 1
31 34 1
31 35 1
31 36 1
31 37 1
31 38 1
31 32 1
33 31 1
39 31 1
40 31 1
41 31 1
42 31 1
43 31 1
34 31 1
35 31 1
36 31 1
37 31 1
38 31 1
32 31 1
32 33 1
33 32 1
32 34 5
32 35 5
32 36 5
32 37 5
32 38 5
32 39 5
32 40 5
32 41 5
32 42 5
32 43 5
34 32 5
35 32 5
36 32 5
37 32 5
38 32 5
39 32 5
40 32 5
41 32 5
42 32 5
43 32 5
33 34 1
33 35 1
33 36 1
33 37 1
33 38 1
33 39 1
33 40 1
33 41 1
33 42 1
33 43 1
34 33 1
35 33 1
36 33 1
37 33 1
38 33 1
39 33 1
40 33 1
41 33 1
42 33 1
43 33 1
34 35 1
34 36 1
34 37 1
34 38 1
34 39 1
34 40 1
34 41 1
34 42 1
34 43 1
35 34 1
36 34 1
37 34 1
38 34 1
39 34 1
40 34 1
41 34 1
42 34 1
43 34 1
35 36 1
35 37 1
35 38 1
35 39 1
35 40 1
35 41 1
35 42 1
35 43 1
36 35 1
37 35 1
38 35 1
39 35 1
40 35 1
41 35 1
42 35 1
43 35 1
36 37 1
36 38 1
36 39 1
36 40 1
36 41 1
36 42 1
36 43 1
37 36 1
38 36 1
39 36 1
40 36 1
41 36 1
42 36 1
43 36 1
37 38 1
37 39 1
37 40 1
37 41 1
37 42 1
37 43 1
38 37 1
39 37 1
40 37 1
41 37 1
42 37 1
43 37 1
38 39 3
38 40 1
38 41 1
38 42 1
38 43 1
39 38 3
40 38 1
41 38 1
42 38 1
43 38 1
39 40 1
39 41 1
39 42 1
39 43 1
40 39 1
41 39 1
42 39 1
43 39 1
40 41 1
40 42 1
40 43 3
41 40 1
42 40 1
43 40 3
41 42 1
41 43 1
42 41 1
43 41 1
42 43 1
43 42 1
44 45 1
45 44 1
44 46 8
44 48 8
44 47 8
44 49 8
44 50 8
44 51 8
44 52 8
44 53 8
44 54 8
44 55 8
44 56 8
44 57 8
44 58 8
44 59 8
44 60 8
44 61 8
46 44 7
48 44 7
47 44 7
49 44 7
50 44 7
51 44 7
52 44 7
53 44 7
54 44 7
55 44 7
56 44 7
57 44 7
58 44 7
59 44 7
60 44 7
61 44 7
45 46 9
45 47 9
45 48 9
45 49 9
45 50 9
45 51 9
45 52 9
45 53 9
45 54 9
45 55 9
45 56 9
45 57 9
45 58 9
45 59 9
45 60 9
45 61 9
46 45 9
47 45 9
48 45 9
49 45 9
50 45 9
51 45 9
52 45 9
53 45 9
54 45 9
55 45 9
56 45 9
57 45 9
58 45 9
59 45 9
60 45 9
61 45 9
46 47 13
46 48 13
46 49 13
46 50 13
46 51 13
46 52 13
46 53 13
46 54 13
46 55 13
46 56 13
46 57 13
46 58 13
46 59 13
46 60 13
46 61 13
47 46 13
48 46 13
49 46 13
50 46 13
51 46 13
52 46 13
53 46 13
54 46 13
55 46 13
56 46 13
57 46 13
58 46 13
59 46 13
60 46 13
61 46 13
47 49 13
47 50 13
47 51 13
47 52 13
47 53 13
47 54 13
47 55 13
47 56 13
47 57 13
47 58 13
47 59 13
47 60 13
47 61 13
49 47 13
50 47 13
51 47 13
52 47 13
53 47 13
54 47 13
55 47 13
56 47 13
57 47 13
58 47 13
59 47 13
60 47 13
61 47 13
47 48 1
48 47 1
48 50 13
48 51 13
48 52 13
48 53 13
48 54 13
48 55 13
48 56 13
48 57 13
48 58 13
48 59 13
48 60 13
48 61 13
48 49 13
50 48 13
51 48 13
52 48 13
53 48 13
54 48 13
55 48 13
56 48 13
57 48 13
58 48 13
59 48 13
60 48 13
61 48 13
49 48 13
49 50 13
49 51 13
49 52 13
49 53 13
49 54 13
49 55 13
49 56 13
49 57 13
49 58 13
49 59 13
49 60 13
49 61 13
50 49 13
51 49 13
52 49 13
53 49 13
54 49 13
55 49 13
56 49 13
57 49 13
58 49 13
59 49 13
60 49 13
61 49 13
50 51 13
50 52 13
50 53 13
50 54 13
50 55 13
50 56 13
50 57 13
50 58 13
50 59 13
50 60 13
50 61 13
51 50 13
52 50 13
53 50 13
54 50 13
55 50 13
56 50 13
57 50 13
58 50 13
59 50 13
60 50 13
61 50 13
51 52 13
51 53 13
51 54 13
51 55 13
51 56 13
51 57 13
51 58 13
51 59 13
51 60 13
51 61 13
52 51 13
53 51 13
54 51 13
55 51 13
56 51 13
57 51 13
58 51 13
59 51 13
60 51 13
61 51 13
52 53 13
52 54 13
52 55 13
52 56 13
52 57 13
52 58 13
52 59 13
52 60 13
52 61 13
53 52 13
54 52 13
55 52 13
56 52 13
57 52 13
58 52 13
59 52 13
60 52 13
61 52 13
53 54 13
53 55 13
53 56 13
53 57 13
53 58 13
53 59 13
53 60 13
53 61 13
54 53 13
55 53 13
56 53 13
57 53 13
58 53 13
59 53 13
60 53 13
61 53 13
54 55 13
54 56 13
54 57 13
54 58 13
54 59 13
54 60 13
54 61 13
55 54 13
56 54 13
57 54 13
58 54 13
59 54 13
60 54 13
61 54 13
55 56 13
55 57 13
55 58 13
55 59 13
55 60 13
55 61 13
56 55 13
57 55 13
58 55 13
59 55 13
60 55 13
61 55 13
56 57 13
56 58 13
56 59 13
56 60 13
56 61 13
57 56 13
58 56 13
59 56 13
60 56 13
61 56 13
57 58 13
57 59 13
57 60 13
57 61 13
58 57 13
59 57 13
60 57 13
61 57 13
58 59 13
58 60 13
58 61 13
59 58 13
60 58 13
61 58 13
59 60 13
59 61 13
60 59 13
61 59 13
60 61 13
61 60 13
62 63 10
62 64 10
63 62 10
63 64 10
64 62 10
64 63 10
62 65 8
62 66 8
62 67 8
64 65 8
64 66 8
64 67 8
65 62 7
65 64 7
66 62 7
66 64 7
67 62 7
67 64 7
68 70 13
68 69 13
68 71 13
68 72 13
70 68 13
69 68 13
71 68 13
72 68 13
68 80 13
80 68 13
68 82 13
82 68 13
68 87 2
87 68 2
68 122 1
122 68 1
68 124 7
68 125 7
68 127 7
68 135 7
68 136 7
68 137 7
68 138 7
68 139 7
68 140 7
68 141 7
68 142 7
68 143 7
68 144 7
68 146 7
68 147 7
68 148 7
68 149 7
68 150 7
68 151 7
68 152 7
68 153 7
124 68 8
125 68 8
127 68 8
135 68 8
136 68 8
137 68 8
138 68 8
139 68 8
140 68 8
141 68 8
142 68 8
143 68 8
144 68 8
146 68 8
147 68 8
148 68 8
149 68 8
150 68 8
151 68 8
152 68 8
153 68 8
68 145 13
68 192 13
145 68 13
192 68 13
68 154 9
68 155 9
68 156 9
68 157 9
68 158 9
68 159 9
68 160 9
68 161 9
68 162 9
68 163 9
68 164 9
68 165 9
68 166 9
68 167 9
68 55 9
68 168 9
68 169 9
68 170 9
68 171 9
68 172 9
68 173 9
68 174 9
68 175 9
68 176 9
68 177 9
68 178 9
154 68 9
155 68 9
156 68 9
157 68 9
158 68 9
159 68 9
160 68 9
161 68 9
162 68 9
163 68 9
164 68 9
165 68 9
166 68 9
167 68 9
55 68 9
168 68 9
169 68 9
170 68 9
171 68 9
172 68 9
173 68 9
174 68 9
175 68 9
176 68 9
177 68 9
178 68 9
68 179 2
68 180 2
68 181 2
179 68 2
180 68 2
181 68 2
68 182 9
68 183 9
68 184 9
68 185 9
68 186 9
68 187 9
68 188 9
68 191 9
68 193 9
68 194 9
68 195 9
68 196 9
68 197 9
68 198 9
182 68 9
183 68 9
184 68 9
185 68 9
186 68 9
187 68 9
188 68 9
191 68 9
193 68 9
194 68 9
195 68 9
196 68 9
197 68 9
198 68 9
55 75 4
55 87 4
55 96 4
55 121 4
75 55 4
87 55 4
96 55 4
121 55 4
55 135 7
55 136 7
55 137 7
55 138 7
55 139 7
55 140 7
55 141 7
55 142 7
55 143 7
55 144 7
55 146 7
55 148 7
55 149 7
55 150 7
55 151 7
55 152 7
55 153 7
135 55 8
136 55 8
137 55 8
138 55 8
139 55 8
140 55 8
141 55 8
142 55 8
143 55 8
144 55 8
146 55 8
148 55 8
149 55 8
150 55 8
151 55 8
152 55 8
153 55 8
55 147 1
147 55 1
55 145 13
145 55 13
55 154 9
55 155 9
55 156 9
55 157 9
55 158 9
55 159 9
55 160 9
55 161 9
55 162 9
55 163 9
55 164 9
55 165 9
55 166 9
55 167 9
55 168 9
55 169 9
55 170 9
55 171 9
55 173 9
55 176 9
55 178 9
55 177 9
154 55 9
155 55 9
156 55 9
157 55 9
158 55 9
159 55 9
160 55 9
161 55 9
162 55 9
163 55 9
164 55 9
165 55 9
166 55 9
167 55 9
168 55 9
169 55 9
170 55 9
171 55 9
173 55 9
176 55 9
178 55 9
177 55 9
55 172 2
55 174 2
55 175 2
172 55 2
174 55 2
175 55 2
55 179 9
55 180 9
179 55 9
180 55 9
55 181 13
55 184 13
55 186 13
55 188 13
55 192 13
181 55 13
184 55 13
186 55 13
188 55 13
192 55 13
55 187 9
55 191 9
55 193 9
55 194 9
55 195 9
55 196 9
55 197 9
55 198 9
187 55 9
191 55 9
193 55 9
194 55 9
195 55 9
196 55 9
197 55 9
198 55 9
55 201 13
201 55 13
298 2 13
298 3 13
298 43 13
2 298 13
3 298 13
43 298 13
41 54 4
42 54 4
54 41 4
54 42 4
69 70 9
69 71 9
69 72 9
70 69 9
71 69 9
72 69 9
69 105 9
69 107 9
69 108 9
69 110 9
105 69 9
107 69 9
108 69 9
110 69 9
69 124 7
69 125 7
124 69 8
125 69 8
70 71 9
70 72 9
70 107 9
70 108 9
70 110 9
71 70 9
71 72 9
71 107 9
71 108 9
71 110 9
72 70 9
72 71 9
72 107 9
72 108 9
72 110 9
70 71 9
70 72 9
71 70 9
71 72 9
72 70 9
72 71 9
107 70 9
107 71 9
107 72 9
108 70 9
108 71 9
108 72 9
110 70 9
110 71 9
110 72 9
70 124 7
70 125 7
71 124 7
71 125 7
72 124 7
72 125 7
124 70 8
124 71 8
124 72 8
125 70 8
125 71 8
125 72 8
73 74 9
74 73 9
73 75 4
73 76 4
75 73 4
76 73 4
73 77 2
77 73 2
73 78 9
73 79 9
78 73 9
79 73 9
73 80 6
73 81 6
80 73 6
81 73 6
73 82 9
73 83 9
73 84 9
73 85 9
73 86 9
73 87 9
73 88 9
73 89 9
73 91 9
82 73 9
83 73 9
84 73 9
85 73 9
86 73 9
87 73 9
88 73 9
89 73 9
91 73 9
73 92 2
92 73 2
73 90 9
73 93 9
73 94 9
90 73 9
93 73 9
94 73 9
73 95 4
73 96 4
73 97 4
73 98 4
95 73 4
96 73 4
97 73 4
98 73 4
73 99 9
73 100 9
73 101 9
73 102 9
73 103 9
73 104 9
73 105 9
73 111 9
73 112 9
73 114 9
73 115 9
73 116 9
73 119 9
73 120 9
99 73 9
100 73 9
101 73 9
102 73 9
103 73 9
104 73 9
105 73 9
111 73 9
112 73 9
114 73 9
115 73 9
116 73 9
119 73 9
120 73 9
73 134 7
73 133 7
73 132 7
73 130 7
73 129 7
73 128 7
73 127 7
73 126 7
73 114 7
73 115 7
74 134 7
74 133 7
74 132 7
74 130 7
74 129 7
74 128 7
74 127 7
74 126 7
74 114 7
74 115 7
75 134 7
75 133 7
75 132 7
75 130 7
75 129 7
75 128 7
75 127 7
75 126 7
75 114 7
75 115 7
76 134 7
76 133 7
76 132 7
76 130 7
76 129 7
76 128 7
76 127 7
76 126 7
76 114 7
76 115 7
77 134 7
77 133 7
77 132 7
77 130 7
77 129 7
77 128 7
77 127 7
77 126 7
77 114 7
77 115 7
78 134 7
78 133 7
78 132 7
78 130 7
78 129 7
78 128 7
78 127 7
78 126 7
78 114 7
78 115 7
79 134 7
79 133 7
79 132 7
79 130 7
79 129 7
79 128 7
79 127 7
79 126 7
79 114 7
79 115 7
80 134 7
80 133 7
80 132 7
80 130 7
80 129 7
80 128 7
80 127 7
80 126 7
80 114 7
80 115 7
81 134 7
81 133 7
81 132 7
81 130 7
81 129 7
81 128 7
81 127 7
81 126 7
81 114 7
81 115 7
82 134 7
82 133 7
82 132 7
82 130 7
82 129 7
82 128 7
82 127 7
82 126 7
82 114 7
82 115 7
83 134 7
83 133 7
83 132 7
83 130 7
83 129 7
83 128 7
83 127 7
83 126 7
83 114 7
83 115 7
84 134 7
84 133 7
84 132 7
84 130 7
84 129 7
84 128 7
84 127 7
84 126 7
84 114 7
84 115 7
85 134 7
85 133 7
85 132 7
85 130 7
85 129 7
85 128 7
85 127 7
85 126 7
85 114 7
85 115 7
86 134 7
86 133 7
86 132 7
86 130 7
86 129 7
86 128 7
86 127 7
86 126 7
86 114 7
86 115 7
88 134 7
88 133 7
88 132 7
88 130 7
88 129 7
88 128 7
88 127 7
88 126 7
88 114 7
88 115 7
89 134 7
89 133 7
89 132 7
89 130 7
89 129 7
89 128 7
89 127 7
89 126 7
89 114 7
89 115 7
90 134 7
90 133 7
90 132 7
90 130 7
90 129 7
90 128 7
90 127 7
90 126 7
90 114 7
90 115 7
91 134 7
91 133 7
91 132 7
91 130 7
91 129 7
91 128 7
91 127 7
91 126 7
91 114 7
91 115 7
92 134 7
92 133 7
92 132 7
92 130 7
92 129 7
92 128 7
92 127 7
92 126 7
92 114 7
92 115 7
93 134 7
93 133 7
93 132 7
93 130 7
93 129 7
93 128 7
93 127 7
93 126 7
93 114 7
93 115 7
94 134 7
94 133 7
94 132 7
94 130 7
94 129 7
94 128 7
94 127 7
94 126 7
94 114 7
94 115 7
95 134 7
95 133 7
95 132 7
95 130 7
95 129 7
95 128 7
95 127 7
95 126 7
95 114 7
95 115 7
96 134 7
96 133 7
96 132 7
96 130 7
96 129 7
96 128 7
96 127 7
96 126 7
96 114 7
96 115 7
97 134 7
97 133 7
97 132 7
97 130 7
97 129 7
97 128 7
97 127 7
97 126 7
97 114 7
97 115 7
98 134 7
98 133 7
98 132 7
98 130 7
98 129 7
98 128 7
98 127 7
98 126 7
98 114 7
98 115 7
99 134 7
99 133 7
99 132 7
99 130 7
99 129 7
99 128 7
99 127 7
99 126 7
99 114 7
99 115 7
100 134 7
100 133 7
100 132 7
100 130 7
100 129 7
100 128 7
100 127 7
100 126 7
100 114 7
100 115 7
101 134 7
101 133 7
101 132 7
101 130 7
101 129 7
101 128 7
101 127 7
101 126 7
101 114 7
101 115 7
102 134 7
102 133 7
102 132 7
102 130 7
102 129 7
102 128 7
102 127 7
102 126 7
102 114 7
102 115 7
103 134 7
103 133 7
103 132 7
103 130 7
103 129 7
103 128 7
103 127 7
103 126 7
103 114 7
103 115 7
104 134 7
104 133 7
104 132 7
104 130 7
104 129 7
104 128 7
104 127 7
104 126 7
104 114 7
104 115 7
107 134 7
107 133 7
107 132 7
107 130 7
107 129 7
107 128 7
107 127 7
107 126 7
107 114 7
107 115 7
108 134 7
108 133 7
108 132 7
108 130 7
108 129 7
108 128 7
108 127 7
108 126 7
108 114 7
108 115 7
109 134 7
109 133 7
109 132 7
109 130 7
109 129 7
109 128 7
109 127 7
109 126 7
109 114 7
109 115 7
110 134 7
110 133 7
110 132 7
110 130 7
110 129 7
110 128 7
110 127 7
110 126 7
110 114 7
110 115 7
111 134 7
111 133 7
111 132 7
111 130 7
111 129 7
111 128 7
111 127 7
111 126 7
111 114 7
111 115 7
112 134 7
112 133 7
112 132 7
112 130 7
112 129 7
112 128 7
112 127 7
112 126 7
112 114 7
112 115 7
116 134 7
116 133 7
116 132 7
116 130 7
116 129 7
116 128 7
116 127 7
116 126 7
116 114 7
116 115 7
119 134 7
119 133 7
119 132 7
119 130 7
119 129 7
119 128 7
119 127 7
119 126 7
119 114 7
119 115 7
120 134 7
120 133 7
120 132 7
120 130 7
120 129 7
120 128 7
120 127 7
120 126 7
120 114 7
120 115 7
131 134 7
131 133 7
131 132 7
131 130 7
131 129 7
131 128 7
131 127 7
131 126 7
131 114 7
131 115 7
134 73 8
134 74 8
134 75 8
134 76 8
134 77 8
134 78 8
134 79 8
134 80 8
134 81 8
134 82 8
134 83 8
134 84 8
134 85 8
134 86 8
134 88 8
134 89 8
134 90 8
134 91 8
134 92 8
134 93 8
134 94 8
134 95 8
134 96 8
134 97 8
134 98 8
134 99 8
134 100 8
134 101 8
134 102 8
134 103 8
134 104 8
134 107 8
134 108 8
134 109 8
134 110 8
134 111 8
134 112 8
134 116 8
134 119 8
134 120 8
134 131 8
133 73 8
133 74 8
133 75 8
133 76 8
133 77 8
133 78 8
133 79 8
133 80 8
133 81 8
133 82 8
133 83 8
133 84 8
133 85 8
133 86 8
133 88 8
133 89 8
133 90 8
133 91 8
133 92 8
133 93 8
133 94 8
133 95 8
133 96 8
133 97 8
133 98 8
133 99 8
133 100 8
133 101 8
133 102 8
133 103 8
133 104 8
133 107 8
133 108 8
133 109 8
133 110 8
133 111 8
133 112 8
133 116 8
133 119 8
133 120 8
133 131 8
132 73 8
132 74 8
132 75 8
132 76 8
132 77 8
132 78 8
132 79 8
132 80 8
132 81 8
132 82 8
132 83 8
132 84 8
132 85 8
132 86 8
132 88 8
132 89 8
132 90 8
132 91 8
132 92 8
132 93 8
132 94 8
132 95 8
132 96 8
132 97 8
132 98 8
132 99 8
132 100 8
132 101 8
132 102 8
132 103 8
132 104 8
132 107 8
132 108 8
132 109 8
132 110 8
132 111 8
132 112 8
132 116 8
132 119 8
132 120 8
132 131 8
130 73 8
130 74 8
130 75 8
130 76 8
130 77 8
130 78 8
130 79 8
130 80 8
130 81 8
130 82 8
130 83 8
130 84 8
130 85 8
130 86 8
130 88 8
130 89 8
130 90 8
130 91 8
130 92 8
130 93 8
130 94 8
130 95 8
130 96 8
130 97 8
130 98 8
130 99 8
130 100 8
130 101 8
130 102 8
130 103 8
130 104 8
130 107 8
130 108 8
130 109 8
130 110 8
130 111 8
130 112 8
130 116 8
130 119 8
130 120 8
130 131 8
129 73 8
129 74 8
129 75 8
129 76 8
129 77 8
129 78 8
129 79 8
129 80 8
129 81 8
129 82 8
129 83 8
129 84 8
129 85 8
129 86 8
129 88 8
129 89 8
129 90 8
129 91 8
129 92 8
129 93 8
129 94 8
129 95 8
129 96 8
129 97 8
129 98 8
129 99 8
129 100 8
129 101 8
129 102 8
129 103 8
129 104 8
129 107 8
129 108 8
129 109 8
129 110 8
129 111 8
129 112 8
129 116 8
129 119 8
129 120 8
129 131 8
128 73 8
128 74 8
128 75 8
128 76 8
128 77 8
128 78 8
128 79 8
128 80 8
128 81 8
128 82 8
128 83 8
128 84 8
128 85 8
128 86 8
128 88 8
128 89 8
128 90 8
128 91 8
128 92 8
128 93 8
128 94 8
128 95 8
128 96 8
128 97 8
128 98 8
128 99 8
128 100 8
128 101 8
128 102 8
128 103 8
128 104 8
128 107 8
128 108 8
128 109 8
128 110 8
128 111 8
128 112 8
128 116 8
128 119 8
128 120 8
128 131 8
127 73 8
127 74 8
127 75 8
127 76 8
127 77 8
127 78 8
127 79 8
127 80 8
127 81 8
127 82 8
127 83 8
127 84 8
127 85 8
127 86 8
127 88 8
127 89 8
127 90 8
127 91 8
127 92 8
127 93 8
127 94 8
127 95 8
127 96 8
127 97 8
127 98 8
127 99 8
127 100 8
127 101 8
127 102 8
127 103 8
127 104 8
127 107 8
127 108 8
127 109 8
127 110 8
127 111 8
127 112 8
127 116 8
127 119 8
127 120 8
127 131 8
126 73 8
126 74 8
126 75 8
126 76 8
126 77 8
126 78 8
126 79 8
126 80 8
126 81 8
126 82 8
126 83 8
126 84 8
126 85 8
126 86 8
126 88 8
126 89 8
126 90 8
126 91 8
126 92 8
126 93 8
126 94 8
126 95 8
126 96 8
126 97 8
126 98 8
126 99 8
126 100 8
126 101 8
126 102 8
126 103 8
126 104 8
126 107 8
126 108 8
126 109 8
126 110 8
126 111 8
126 112 8
126 116 8
126 119 8
126 120 8
126 131 8
114 73 8
114 74 8
114 75 8
114 76 8
114 77 8
114 78 8
114 79 8
114 80 8
114 81 8
114 82 8
114 83 8
114 84 8
114 85 8
114 86 8
114 88 8
114 89 8
114 90 8
114 91 8
114 92 8
114 93 8
114 94 8
114 95 8
114 96 8
114 97 8
114 98 8
114 99 8
114 100 8
114 101 8
114 102 8
114 103 8
114 104 8
114 107 8
114 108 8
114 109 8
114 110 8
114 111 8
114 112 8
114 116 8
114 119 8
114 120 8
114 131 8
115 73 8
115 74 8
115 75 8
115 76 8
115 77 8
115 78 8
115 79 8
115 80 8
115 81 8
115 82 8
115 83 8
115 84 8
115 85 8
115 86 8
115 88 8
115 89 8
115 90 8
115 91 8
115 92 8
115 93 8
115 94 8
115 95 8
115 96 8
115 97 8
115 98 8
115 99 8
115 100 8
115 101 8
115 102 8
115 103 8
115 104 8
115 107 8
115 108 8
115 109 8
115 110 8
115 111 8
115 112 8
115 116 8
115 119 8
115 120 8
115 131 8
87 134 7
87 133 7
87 132 7
87 130 7
87 129 7
87 128 7
87 127 7
87 126 7
87 114 7
87 115 7
134 87 8
133 87 8
132 87 8
130 87 8
129 87 8
128 87 8
127 87 8
126 87 8
114 87 8
115 87 8
74 75 4
74 78 4
74 79 4
74 83 4
74 84 4
74 85 4
75 74 4
78 74 4
79 74 4
83 74 4
84 74 4
85 74 4
74 76 13
74 77 13
74 80 13
74 81 13
74 82 13
74 86 13
74 87 13
74 88 13
76 74 13
77 74 13
80 74 13
81 74 13
82 74 13
86 74 13
87 74 13
88 74 13
74 89 2
89 74 2
74 90 13
74 91 13
74 92 13
74 93 13
74 94 13
74 95 13
74 96 13
74 97 13
74 98 13
90 74 13
91 74 13
92 74 13
93 74 13
94 74 13
95 74 13
96 74 13
97 74 13
98 74 13
74 99 2
74 100 2
74 101 2
74 102 2
99 74 2
100 74 2
101 74 2
102 74 2
74 103 9
74 104 9
74 105 9
74 107 9
74 108 9
74 109 9
74 110 9
74 111 9
74 112 9
74 118 9
74 119 9
74 120 9
74 123 9
74 131 9
103 74 9
104 74 9
105 74 9
107 74 9
108 74 9
109 74 9
110 74 9
111 74 9
112 74 9
118 74 9
119 74 9
120 74 9
123 74 9
131 74 9
75 76 9
76 75 9
75 77 4
77 75 4
75 78 4
75 79 4
78 75 4
79 75 4
75 80 9
75 81 9
80 75 9
81 75 9
75 82 2
75 85 2
82 75 2
85 75 2
75 83 4
75 84 4
83 75 4
84 75 4
75 86 13
75 88 13
75 90 13
75 91 13
75 92 13
75 93 13
75 94 13
75 98 13
86 75 13
88 75 13
90 75 13
91 75 13
92 75 13
93 75 13
94 75 13
98 75 13
75 87 4
75 89 4
75 95 4
75 96 4
75 97 4
75 99 4
75 100 4
75 101 4
75 102 4
87 75 4
89 75 4
95 75 4
96 75 4
97 75 4
99 75 4
100 75 4
101 75 4
102 75 4
75 111 2
111 75 2
75 112 4
75 116 4
112 75 4
116 75 4
75 119 9
75 120 9
75 131 9
119 75 9
120 75 9
131 75 9
75 121 3
121 75 3
75 135 7
75 136 7
75 137 7
75 138 7
75 139 7
75 140 7
75 141 7
75 142 7
75 143 7
75 144 7
75 146 7
75 147 7
75 148 7
75 149 7
75 150 7
75 151 7
75 152 7
75 153 7
135 75 8
136 75 8
137 75 8
138 75 8
139 75 8
140 75 8
141 75 8
142 75 8
143 75 8
144 75 8
146 75 8
147 75 8
148 75 8
149 75 8
150 75 8
151 75 8
152 75 8
153 75 8
75 145 13
145 75 13
75 154 4
75 155 4
75 156 4
75 157 4
75 158 4
75 159 4
75 160 4
75 161 4
154 75 4
155 75 4
156 75 4
157 75 4
158 75 4
159 75 4
160 75 4
161 75 4
75 162 2
75 163 2
75 165 2
75 178 2
162 75 2
163 75 2
165 75 2
178 75 2
75 164 4
75 166 4
75 167 4
75 168 4
75 169 4
75 170 4
75 171 4
75 172 4
75 173 4
75 174 4
75 175 4
75 176 4
75 177 4
75 179 4
75 180 4
164 75 4
166 75 4
167 75 4
168 75 4
169 75 4
170 75 4
171 75 4
172 75 4
173 75 4
174 75 4
175 75 4
176 75 4
177 75 4
179 75 4
180 75 4
75 181 9
75 183 9
75 184 9
75 186 9
75 188 9
75 189 9
75 190 9
181 75 9
183 75 9
184 75 9
186 75 9
188 75 9
189 75 9
190 75 9
75 191 4
75 187 4
75 193 4
75 194 4
75 195 4
191 75 4
187 75 4
193 75 4
194 75 4
195 75 4
75 192 13
75 196 13
75 197 13
75 198 13
75 202 13
75 203 13
192 75 13
196 75 13
197 75 13
198 75 13
202 75 13
203 75 13
